6.500000e+01 2.500000e-01 4.697614e-01
6.500000e+01 2.611111e-01 4.810274e-01
6.500000e+01 2.722222e-01 4.920773e-01
6.500000e+01 2.833333e-01 5.029238e-01
6.500000e+01 2.944444e-01 5.135785e-01
6.500000e+01 3.055556e-01 5.240517e-01
6.500000e+01 3.166667e-01 5.343530e-01
6.500000e+01 3.277778e-01 5.444912e-01
6.500000e+01 3.388889e-01 5.544741e-01
6.500000e+01 3.500000e-01 5.643091e-01
6.611111e+01 2.500000e-01 4.697614e-01
6.611111e+01 2.611111e-01 4.810274e-01
6.611111e+01 2.722222e-01 4.920773e-01
6.611111e+01 2.833333e-01 5.029238e-01
6.611111e+01 2.944444e-01 5.135785e-01
6.611111e+01 3.055556e-01 5.240517e-01
6.611111e+01 3.166667e-01 5.343530e-01
6.611111e+01 3.277778e-01 5.444912e-01
6.611111e+01 3.388889e-01 5.544741e-01
6.611111e+01 3.500000e-01 5.643091e-01
6.722222e+01 2.500000e-01 4.697614e-01
6.722222e+01 2.611111e-01 4.810274e-01
6.722222e+01 2.722222e-01 4.920773e-01
6.722222e+01 2.833333e-01 5.029238e-01
6.722222e+01 2.944444e-01 5.135785e-01
6.722222e+01 3.055556e-01 5.240517e-01
6.722222e+01 3.166667e-01 5.343530e-01
6.722222e+01 3.277778e-01 5.444912e-01
6.722222e+01 3.388889e-01 5.544741e-01
6.722222e+01 3.500000e-01 5.643091e-01
6.833333e+01 2.500000e-01 4.697614e-01
6.833333e+01 2.611111e-01 4.810274e-01
6.833333e+01 2.722222e-01 4.920773e-01
6.833333e+01 2.833333e-01 5.029238e-01
6.833333e+01 2.944444e-01 5.135785e-01
6.833333e+01 3.055556e-01 5.240517e-01
6.833333e+01 3.166667e-01 5.343530e-01
6.833333e+01 3.277778e-01 5.444912e-01
6.833333e+01 3.388889e-01 5.544741e-01
6.833333e+01 3.500000e-01 5.643091e-01
6.944444e+01 2.500000e-01 4.697614e-01
6.944444e+01 2.611111e-01 4.810274e-01
6.944444e+01 2.722222e-01 4.920773e-01
6.944444e+01 2.833333e-01 5.029238e-01
6.944444e+01 2.944444e-01 5.135785e-01
6.944444e+01 3.055556e-01 5.240517e-01
6.944444e+01 3.166667e-01 5.343530e-01
6.944444e+01 3.277778e-01 5.444912e-01
6.944444e+01 3.388889e-01 5.544741e-01
6.944444e+01 3.500000e-01 5.643091e-01
7.055556e+01 2.500000e-01 4.697614e-01
7.055556e+01 2.611111e-01 4.810274e-01
7.055556e+01 2.722222e-01 4.920773e-01
7.055556e+01 2.833333e-01 5.029238e-01
7.055556e+01 2.944444e-01 5.135785e-01
7.055556e+01 3.055556e-01 5.240517e-01
7.055556e+01 3.166667e-01 5.343530e-01
7.055556e+01 3.277778e-01 5.444912e-01
7.055556e+01 3.388889e-01 5.544741e-01
7.055556e+01 3.500000e-01 5.643091e-01
7.166667e+01 2.500000e-01 4.697614e-01
7.166667e+01 2.611111e-01 4.810274e-01
7.166667e+01 2.722222e-01 4.920773e-01
7.166667e+01 2.833333e-01 5.029238e-01
7.166667e+01 2.944444e-01 5.135785e-01
7.166667e+01 3.055556e-01 5.240517e-01
7.166667e+01 3.166667e-01 5.343530e-01
7.166667e+01 3.277778e-01 5.444912e-01
7.166667e+01 3.388889e-01 5.544741e-01
7.166667e+01 3.500000e-01 5.643091e-01
7.277778e+01 2.500000e-01 4.697614e-01
7.277778e+01 2.611111e-01 4.810274e-01
7.277778e+01 2.722222e-01 4.920773e-01
7.277778e+01 2.833333e-01 5.029238e-01
7.277778e+01 2.944444e-01 5.135785e-01
7.277778e+01 3.055556e-01 5.240517e-01
7.277778e+01 3.166667e-01 5.343530e-01
7.277778e+01 3.277778e-01 5.444912e-01
7.277778e+01 3.388889e-01 5.544741e-01
7.277778e+01 3.500000e-01 5.643091e-01
7.388889e+01 2.500000e-01 4.697614e-01
7.388889e+01 2.611111e-01 4.810274e-01
7.388889e+01 2.722222e-01 4.920773e-01
7.388889e+01 2.833333e-01 5.029238e-01
7.388889e+01 2.944444e-01 5.135785e-01
7.388889e+01 3.055556e-01 5.240517e-01
7.388889e+01 3.166667e-01 5.343530e-01
7.388889e+01 3.277778e-01 5.444912e-01
7.388889e+01 3.388889e-01 5.544741e-01
7.388889e+01 3.500000e-01 5.643091e-01
7.500000e+01 2.500000e-01 4.697614e-01
7.500000e+01 2.611111e-01 4.810274e-01
7.500000e+01 2.722222e-01 4.920773e-01
7.500000e+01 2.833333e-01 5.029238e-01
7.500000e+01 2.944444e-01 5.135785e-01
7.500000e+01 3.055556e-01 5.240517e-01
7.500000e+01 3.166667e-01 5.343530e-01
7.500000e+01 3.277778e-01 5.444912e-01
7.500000e+01 3.388889e-01 5.544741e-01
7.500000e+01 3.500000e-01 5.643091e-01
